 [204] [803]  [78] [805] [202] [811]  [76] [949] [200] [957]  [74] [963] [198][1007]  [72][1017] [196][1035]  [70][1047] [194][1061]  [68][1089] [192][1105]  [66][1121] [190][1141]  [64][1165] [188][1191]  [62][1217] [186][1249]  [60][1285] [184][1275]  [58][1289] [182][1277]  [56] [175] [168] [171]  [54] [173]
  [79] [806] [203] [810]  [77] [948] [201] [956]  [75] [962] [199][1006]  [73][1016] [197][1034]  [71][1046] [195][1060]  [69][1088] [193][1104]  [67][1120] [191][1140]  [65][1164] [189][1190]  [63][1216] [187][1248]  [61][1308] [185][1274]  [59][1304] [183][1276]  [57][1290] [181][1278]  [55] [174] [167] [170]
 [802] [205] [804] [947] [812] [955] [950] [961] [958][1005] [964][1015][1008][1033][1018][1045][1036][1059][1048][1087][1062][1103][1090][1119][1106][1139][1122][1163][1142][1189][1166][1215][1192][1247][1218][1313][1250][1273][1284][1309][1286][1281][1288][1303][1386][1279][1300][1291] [176] [169] [172]  [53]
 [807]  [80] [809] [800] [951] [960] [953][1004] [965][1014][1009][1032][1019][1044][1037][1058][1049][1086][1063][1102][1091][1118][1107][1138][1123][1162][1143][1188][1167][1214][1193][1246][1219][1314][1251][1272][1349][1312][1307][1282][1305][1310][1385][1280][1301][1456][1387] [180][1299][1292] [177] [166]
 [206] [801] [946] [813] [954] [971] [966] [959][1010][1031][1020][1013][1038][1057][1050][1043][1064][1101][1092][1085][1108][1137][1124][1117][1144][1187][1168][1161][1194][1245][1220][1213][1252][1271][1348][1315][1378][1283][1350][1311][1384][1287][1302][1455][1466][1391][1298][1457][1388] [179]  [52][1293]
  [81] [808] [799] [848] [967] [952][1003] [970][1021][1012][1039][1056][1051][1042][1065][1100][1093][1084][1109][1136][1125][1116][1145][1186][1169][1160][1195][1244][1221][1212][1253][1270][1347][1316][1379][1376][1353][1424][1383][1306][1351][1454][1493][1392][1475][1464][1467][1390][1297][1458] [165] [178]
 [798] [207] [814] [945] [972] [969] [976][1011][1030][1023][1052][1041][1066][1055][1094][1083][1110][1099][1126][1115][1146][1135][1170][1159][1196][1185][1222][1211][1254][1243][1346][1317][1380][1375][1354][1423][1382][1377][1352][1453][1538][1393][1500][1465][1492][1471][1474][1463][1468][1389][1294]  [51]
 [755]  [82] [847] [968] [849][1002] [973][1022] [977][1040][1067][1054][1095][1082][1111][1098][1127][1114][1147][1134][1171][1158][1197][1184][1223][1210][1255][1242][1345][1318][1269][1374][1355][1422][1381][1396][1425][1452][1537][1394][1501][1558][1539][1494][1499][1476][1491][1470][1473][1296][1459] [164]
 [208] [797] [756] [815] [944] [975] [978][1029][1024][1053][1026][1081][1072][1097][1128][1113][1148][1133][1172][1157][1198][1183][1224][1209][1256][1241][1344][1319][1268][1373][1356][1429][1420][1397][1426][1451][1536][1395][1502][1577][1550][1547][1498][1559][1540][1495][1472][1477][1462][1469]  [50][1295]
  [83] [754] [589] [846] [979] [850][1001] [974][1027][1068][1073][1096][1129][1112][1149][1132][1173][1156][1199][1182][1225][1208][1257][1240][1343][1320][1267][1372][1357][1432][1419][1398][1427][1450][1421][1554][1503][1578][1551][1548][1557][1584][1563][1546][1497][1560][1541][1490][1485][1478] [163][1460]
 [588] [209] [796] [757] [816] [943][1028] [981][1074][1025][1080][1071][1150][1131][1174][1155][1200][1181][1226][1207][1258][1239][1342][1321][1266][1371][1358][1433][1418][1399][1428][1449][1430][1661][1504][1535][1552][1555][1592][1583][1576][1549][1574][1585][1562][1545][1496][1483][1542][1461][1486]  [49]
 [593]  [84] [753] [590] [845] [980] [851][1000][1069][1076][1151][1130][1175][1154][1201][1180][1227][1206][1259][1238][1341][1322][1265][1370][1359][1436][1417][1400][1507][1448][1431][1718][1505][1534][1553][1660][1593][1582][1579][1556][1591][1596][1611][1564][1573][1586][1561][1544][1489][1484][1479] [162]
 [210] [587] [592] [795] [758] [817] [942][1075] [982][1079][1070][1153][1202][1179][1228][1205][1260][1237][1340][1323][1264][1369][1360][1437][1416][1401][1508][1447][1434][1759][1506][1533][1742][1717][1662][1677][1580][1659][1594][1615][1612][1575][1590][1597][1610][1565][1572][1587][1482][1543]  [48][1487]
  [85] [594] [565] [752] [591] [844] [793] [852] [999][1152][1077][1176][1229][1204][1261][1236][1339][1324][1263][1368][1361][1438][1415][1402][1511][1446][1435][1760][1509][1532][1743][1758][1719][1678][1741][1716][1663][1676][1581][1658][1595][1616][1613][1632][1589][1598][1609][1566][1571][1488] [161][1480]
 [564] [211] [586] [759] [794] [761] [818] [941][1078] [983][1230][1203][1178][1233][1338][1325][1262][1367][1362][1439][1414][1403][1512][1529][1444][1835][1510][1531][1806][1761][1794][1797][1744][1757][1720][1679][1740][1715][1664][1675][1614][1657][1666][1617][1608][1631][1588][1599][1606][1481][1568]  [47]
 [569]  [86] [595] [566] [751] [792] [843] [820] [853] [998][1177][1232][1331][1326][1235][1366][1363][1440][1413][1404][1513][1528][1443][1836][1845][1530][1445][1834][1795][1822][1805][1762][1793][1798][1745][1756][1721][1680][1739][1714][1665][1674][1633][1656][1667][1618][1607][1630][1567][1570][1601] [160]
 [212] [563] [568] [585] [760] [819] [762] [823] [940][1231] [984][1327][1234][1365][1330][1337][1412][1405][1514][1527][1442][1837][1844][2521][2356][1849][1846][1823][1854][1807][1796][1821][1804][1763][1792][1799][1746][1755][1722][1681][1738][1713][1670][1673][1634][1655][1668][1619][1600][1605]  [46][1569]
  [87] [570] [535] [596] [567] [750] [791] [842] [821] [854] [997][1332][1329][1336][1407][1364][1515][1526][1441][1838][1843][2522][2517][2354][1847][2608][2357][1850][1833][1824][1855][1808][1827][1820][1803][1764][1791][1800][1747][1754][1723][1682][1737][1712][1669][1672][1635][1604][1629][1620] [159][1602]
 [534] [213] [562] [723] [584] [763] [822] [765] [824] [939][1328] [985][1408][1333][1516][1411][1406][1839][1842][1525][2516][2353][2520][2655][2574][2355][1848][2607][2358][1853][1832][1825][1856][1809][1828][1819][1802][1765][1790][1767][1748][1751][1724][1671][1684][1711][1654][1625][1636][1603][1628]  [45]
 [517]  [88] [571] [536] [597] [724] [749] [790] [841] [826] [855] [996][1335][1410][1521][1518][1841][1524][2515][2352][2523][2656][2575][2518][2635][2694][2609][2572][1851][2606][2359][2304][1831][1826][1857][1810][1829][1818][1801][1750][1753][1768][1683][1736][1725][1690][1685][1638][1653][1626][1621] [158]
 [214] [533] [518] [561] [722] [583] [764] [825] [766] [829] [938][1409] [986][1517][1334][1523][1520][2351][1840][2539][2576][2519][2658][2695][2654][2573][2634][2691][2610][2571][1852][2605][2360][2303][1830][2307][1858][1811][1766][1789][1772][1749][1752][1769][1732][1687][1710][1689][1624][1637]  [44][1627]
  [89] [516] [445] [572] [537] [598] [725] [748] [789] [840] [827] [856] [995][1522][1519][2350][2015][2514][2441][2524][2657][2578][2661][2636][2699][2690][2693][2652][2633][2682][2611][2570][2305][2376][2361][2302][1817][2308][1859][1812][1815][1788][1771][1730][1735][1726][1691][1686][1639][1652] [157][1622]
 [444] [215] [532] [519] [560] [721] [582] [767] [828] [769] [830] [937] [838] [987][2014] [993][2440][2445][2538][2577][2540][2637][2698][2659][2696][2653][2702][2687][2692][2651][2632][2565][2604][2409][2306][2377][2362][2301][1816][2309][1860][1773][1814][1733][1770][1731][1688][1709][1692][1623][1640]  [43]
 [429]  [90] [515] [446] [573] [538] [599] [726] [747] [788] [839] [988] [857] [994][2349][2016][2513][2442][2525][2446][2579][2660][2673][2662][2703][2700][2689][2678][2681][2630][2683][2612][2569][2564][2375][2408][2313][2380][2315][2300][1813][2236][1787][1774][1729][1734][1727][1776][1695][1642][1651] [156]
 [216] [443] [430] [531] [520] [559] [720] [581] [768] [831] [770] [837] [936][2013] [992][2439][2444][2447][2512][2537][2638][2541][2640][2697][2674][2679][2686][2701][2688][2677][2650][2631][2566][2603][2410][2381][2378][2363][2312][2235][2310][1861][1884][2233][1786][1775][1708][1693][1650][1647]  [42][1641]
  [91] [428] [397] [514] [447] [574] [539] [600] [727] [746] [787] [858] [989] [926][2017][2348][2019][2526][2443][2542][2511][2580][2663][2672][2641][2704][2675][2680][2649][2684][2629][2668][2613][2568][2563][2374][2407][2314][2379][2316][2299][2234][2237][1862][1883][1728][1777][1696][1643][1694] [155][1648]
 [396] [217] [442] [431] [530] [521] [558] [719] [580] [771] [832] [925] [836] [935][2012] [991][2438][2509][2448][2553][2536][2639][2624][2621][2664][2671][2648][2685][2676][2669][2646][2567][2602][2413][2590][2411][2382][2373][2364][2311][2248][2273][2246][1885][2232][1785][1882][1707][1778][1649][1646]  [41]
 [383]  [92] [427] [398] [513] [448] [575] [540] [601] [728] [745] [786] [859] [990] [927][2018][2347][2020][2527][2510][2543][2554][2581][2642][2625][2622][2665][2670][2647][2628][2667][2614][2591][2562][2383][2406][2365][2386][2319][2324][2317][2298][2231][2238][1863][1886][1867][1784][1697][1644][1699] [154]
 [218] [395] [384] [441] [432] [529] [522] [557] [718] [579] [772] [833] [924] [835] [934][2011] [928][2437][2508][2449][2552][2535][2550][2623][2620][2643][2598][2627][2666][2645][2592][2601][2414][2589][2412][2385][2372][2323][2366][2249][2274][2247][2272][2245][1892][2135][1864][1881][1706][1779]  [40][1645]
  [93] [382] [329] [426] [399] [512] [449] [576] [541] [602] [729] [744] [785] [860] [929] [922] [933][2346][2021][2528][2507][2544][2555][2582][2597][2626][2619][2644][2593][2600][2615][2588][2561][2384][2405][2368][2387][2320][2325][2318][2297][2250][2263][2230][2239][1866][1887][1868][1783][1698] [153][1700]
 [328] [219] [394] [385] [440] [433] [528] [523] [556] [717] [578] [773] [834] [923] [784] [861][2010][2023][2436][2505][2450][2551][2534][2549][2618][2583][2596][2599][2616][2585][2594][2415][2490][2369][2492][2371][2330][2367][2322][2275][2264][2271][2244][1893][2136][1891][2134][1865][1880][1705][1780]  [39]
 [317]  [94] [381] [330] [425] [400] [511] [450] [577] [542] [603] [730] [743] [774] [741] [930] [921] [932][2345][2022][2529][2506][2545][2556][2533][2548][2617][2584][2595][2486][2587][2560][2493][2404][2331][2388][2321][2326][2269][2296][2251][2262][2229][2240][2159][1894][1905][1888][1869][1782][1701] [152]
 [220] [327] [318] [393] [386] [439] [434] [527] [524] [555] [716] [543] [604] [731] [862] [783] [890][2009][2024][2435][2504][2451][2530][2501][2546][2557][2532][2497][2586][2559][2484][2489][2416][2491][2370][2329][2292][2295][2276][2265][2270][2243][2160][2137][1904][2133][1890][1895][1704][1879]  [38][1781]
  [95] [316] [299] [380] [331] [424] [401] [510] [451] [544] [525] [554] [715] [742] [775] [740] [931] [920] [891][2344][2431][2466][2503][2452][2531][2500][2547][2558][2485][2498][2487][2494][2403][2418][2389][2332][2327][2268][2293][2252][2261][2228][2241][2158][2107][2138][1903][1906][1889][1870] [151][1702]
 [298] [221] [326] [319] [392] [387] [438] [435] [526] [509] [452] [605] [706] [629] [732] [863] [782] [889][2008][2025][2434][2453][2432][2465][2502][2481][2478][2499][2496][2483][2474][2417][2488][2333][2328][2291][2294][2277][2266][2227][2242][2161][2174][2147][2132][1915][2106][1875][1896][1703][1878]  [37]
 [289]  [96] [315] [300] [379] [332] [423] [402] [453] [436] [545] [628] [553] [714] [707] [776] [739] [892] [919] [894][2343][2430][2467][2480][2477][2464][2471][2482][2475][2460][2495][2402][2419][2390][2257][2278][2267][2226][2253][2260][2175][2148][2157][2110][2139][2108][1917][1902][1907][1876][1871] [150]
 [222] [297] [290] [325] [320] [391] [388] [437] [422] [403] [508] [477] [606] [705] [630] [733] [864] [781] [888][2007][2026][2433][2454][2429][2470][2479][2476][2463][2424][2473][2420][2461][2334][2287][2290][2225][2254][2259][2208][2187][2162][2173][2146][2131][1916][2103][1914][2105][1874][1897]  [36][1877]
  [97] [288] [275] [314] [301] [378] [333] [404] [389] [454] [467] [546] [627] [552] [713] [708] [777] [738] [893] [918] [895][2342][2397][2468][2455][2428][2423][2472][2459][2462][2401][2288][2391][2256][2279][2258][2209][2188][2171][2176][2149][2156][2111][2140][2109][2114][2049][1918][1901][1908] [149][1872]
 [274] [223] [296] [291] [324] [321] [390] [377] [334] [421] [476] [507] [478] [607] [704] [631] [734] [865] [780] [887][2006][2027][2004][2341][2398][2469][2456][2425][2400][2421][2458][2335][2286][2289][2224][2255][2216][2207][2186][2163][2172][2145][2130][2113][2102][2045][2104][1913][2048][1873][1898]  [35]
 [261]  [98] [287] [276] [313] [302] [335] [322] [405] [466] [455] [468] [547] [626] [551] [712] [709] [778] [737] [866] [917] [896][2199][2396][2427][2340][2399][2422][2457][2338][2285][2392][2223][2280][2217][2210][2189][2170][2177][2150][2155][2112][2141][2084][2115][2050][2047][1984][1919][1900][1909] [148]
 [224] [273] [262] [295] [292] [323] [312] [303] [376] [457] [420] [475] [506] [479] [608] [703] [632] [735] [710] [779] [886][2005][2028][2003][2200][2395][2426][2339][2220][2393][2336][2283][2218][2211][2190][2215][2206][2185][2164][2127][2144][2129][2116][2101][2046][2085][2044][2051][1912][1971]  [34][1899]
  [99] [260] [245] [286] [277] [304] [293] [336] [351] [406] [465] [456] [469] [548] [625] [550] [711] [702] [645] [736] [867] [916] [897][2198][2029][2002][2201][2394][2337][2284][2219][2222][2281][2214][2205][2184][2169][2178][2151][2154][2117][2142][2081][2088][2083][2056][1985][1972][1983][1920] [147][1910]
 [244] [225] [272] [263] [294] [285] [278] [311] [408] [375] [458] [419] [474] [505] [480] [609] [624] [633] [620] [701] [646] [885] [868] [915] [898][2197][2030][2001][2202][2221][2282][2181][2204][2191][2212][2179][2152][2165][2126][2143][2128][2089][2100][2057][2086][2043][2052][1945][1968][1911][1970]  [33]
 [227] [100] [259] [246] [279] [270] [305] [350] [337] [352] [407] [464] [461] [470] [549] [504] [481] [610] [623] [644] [671] [700] [685] [884] [869] [914] [899][2196][2031][2000][2203][2192][2213][2180][2183][2168][2123][2094][2153][2118][2125][2080][2087][2082][2055][1986][1967][1982][1973][1946][1921] [146]
 [112] [243] [226] [271] [264] [257] [284] [339] [310] [409] [374] [459] [418] [473] [462] [471] [486] [621] [634] [619] [658] [647] [672] [699] [686] [883] [870] [913] [900][2195][2032][1999][2182][2193][2122][2093][2166][2119][2124][2077][2090][2099][2058][1987][2042][2053][1976][1965][1944][1969]  [32][1937]
 [101] [228] [113] [258] [247] [280] [269] [306] [349] [338] [353] [412] [463] [460] [417] [482] [503] [488] [611] [622] [643] [670] [659] [684] [673] [698] [687] [882] [871] [912] [901][2194][2033][1998][2167][2120][2095][2068][2091][2098][2063][2076][2079][2054][1977][1966][1981][1974][1947][1938] [145][1922]
 [114] [111] [242] [249] [238] [265] [256] [283] [340] [309] [410] [373] [362] [413] [472] [487] [490] [485] [502] [635] [618] [657] [648] [669] [660] [683] [674] [697] [688] [881] [872] [911] [902][2121][2034][2067][2092][2097][2072][2075][2078][2059][2062][2041][1988][1975][1964][1943][1956][1923][1936]  [31]
 [107] [102] [229] [116] [241] [248] [281] [268] [307] [348] [345] [354] [411] [372] [365] [416] [483] [500] [489] [612] [495] [642] [661] [656] [649] [668] [689] [682] [675] [696] [903] [880] [873] [910][1997][2096][2035][2066][2069][2060][2073][2064][1993][1978][1963][1980][1955][1948][1939][1942][1925] [144]
 [110] [115] [108] [239] [250] [237] [266] [255] [282] [341] [308] [363] [346] [361] [414] [371] [366] [491] [484] [501] [636] [617] [650] [641] [662] [655] [676] [667] [690] [681] [874] [695] [904] [879][2036] [909][1996][2071][2074][2065][1994][2061][2040][1989][1954][1961][1940][1957][1924][1935]  [30][1929]
   [3] [106] [103] [230] [117] [240] [251] [234] [267] [254] [347] [344] [355] [364] [367] [358] [415] [370] [499] [494] [613] [496] [637] [616] [651] [640] [663] [654] [677] [666] [691] [680] [875] [694] [905] [878][2037] [908][1995][2070][2039][1992][1953][1962][1979][1958][1949][1932][1941][1928] [143][1926]
 [104] [109]   [2]   [5] [236] [119] [232]   [7] [252] [121] [342]   [9] [360] [123] [356]  [11] [368] [125] [492]  [13] [498] [127] [614]  [15] [638] [129] [652]  [17] [664] [131] [678]  [19] [692] [133] [876]  [21] [906] [135][2038]  [23][1952] [137][1990]  [25][1950] [139][1960]  [27][1934] [141][1930]  [29]
   [1]   [4] [105] [118] [231]   [6] [235] [120] [233]   [8] [253] [122] [343]  [10] [359] [124] [357]  [12] [369] [126] [493]  [14] [497] [128] [615]  [16] [639] [130] [653]  [18] [665] [132] [679]  [20] [693] [134] [877]  [22] [907] [136][1991]  [24][1951] [138][1959]  [26][1933] [140][1931]  [28][1927] [142]
